1709
1708
1707
1707
1707
1708
1708
1708
1709
1708
1709
1708
1708
1706
1705
1704
1703
1703
1702
1703
1704
1704
1705
1704
1704
1703
1703
1702
1701
1699
1698
1698
1698
1698
1699
1699
1699
1699
1698
1698
1696
1695
1695
1693
1692
1691
1691
1691
1691
1693
1692
1691
1691
1691
1690
1688
1687
1686
1685
1683
1685
1684
1685
1685
1685
1684
1683
1683
1682
1680
1679
1678
1677
1675
1675
1675
1676
1676
1676
1676
1674
1674
1673
1671
1670
1669
1667
1667
1666
1666
1667
1667
1666
1666
1666
1664
1663
1662
1661
1659
1658
1657
1656
1657
1658
1658
1657
1656
1656
1654
1654
1652
1650
1650
1648
1647
1646
1647
1647
1647
1647
1646
1645
1644
1642
1641
1640
1639
1637
1637
1636
1636
1637
1637
1636
1635
1634
1633
1632
1631
1629
1628
1627
1626
1626
1626
1626
1626
1625
1625
1624
1623
1622
1620
1618
1617
1616
1616
1614
1615
1616
1616
1615
1614
1612
1612
1611
1610
1609
1606
1606
1604
1604
1605
1605
1605
1604
1604
1603
1602
1600
1599
1597
1596
1595
1595
1594
1595
1596
1595
1595
1593
1593
1591
1590
1589
1588
1587
1585
1585
1585
1585
1585
1585
1585
1583
1584
1582
1580
1579
1578
1576
1575
1575
1575
1575
1575
1575
1575
1574
1573
1572
1571
1569
1567
1566
1565
1565
1565
1564
1564
1565
1564
1563
1562
1561
1559
1558
1556
1555
1554
1553
1553
1553
1554
1553
1553
1551
1550
1550
1547
1546
1545
1543
1542
1542
1541
1541
1541
1540
1540
1538
1537
1535
1533
1532
1530
1529
1527
1526
1526
1526
1526
1525
1525
1524
1522
1521
1519
1516
1515
1513
1512
1511
1511
1510
1509
1509
1508
1506
1504
1502
1500
1499
1496
1496
1493
1492
1492
1492
1492
1490
1488
1488
1485
1484
1482
1480
1477
1475
1475
1473
1472
1472
1471
1470
1469
1467
1464
1463
1460
1458
1456
1455
1452
1451
1450
1450
1449
1447
1446
1443
1443
1441
1438
1435
1433
1430
1429
1427
1427
1426
1424
1423
1421
1419
1417
1414
1412
1409
1406
1404
1402
1400
1400
1398
1398
1396
1392
1391
1388
1386
1384
1380
1377
1375
1372
1371
1369
1368
1367
1364
1363
1359
1357
1354
1351
1348
1345
1342
1340
1339
1338
1335
1334
1332
1329
1327
1324
1322
1318
1314
1311
1308
1306
1304
1302
1300
1298
1297
1293
1290
1287
1284
1281
1277
1274
1271
1268
1266
1265
1263
1261
1258
1255
1252
1250
1247
1243
1239
1235
1233
1231
1228
1226
1224
1222
1219
1217
1213
1210
1206
1203
1198
1195
1193
1189
1187
1185
1184
1181
1178
1175
1173
1169
1165
1162
1158
1155
1152
1148
1147
1145
1142
1140
1137
1134
1131
1127
1124
1121
1117
1113
1111
1108
1106
1103
1102
1100
1097
1094
1090
1087
1084
1080
1076
1073
1070
1068
1065
1063
1061
1059
1057
1053
1050
1047
1043
1040
1036
1032
1030
1028
1026
1025
1023
1021
1018
1015
1011
1009
1005
1002
998
994
993
991
990
988
986
985
983
981
978
977
974
971
968
965
963
960
958
955
953
952
951
950
949
946
945
942
940
937
935
932
930
928
924
923
921
920
918
916
915
914
912
910
908
906
903
901
899
895
893
891
889
887
886
885
884
883
882
880
878
875
873
871
868
866
863
861
858
857
855
854
854
852
850
849
847
845
844
841
837
836
834
831
829
828
825
825
823
822
821
820
818
816
815
813
811
808
806
804
800
800
797
795
795
793
792
791
789
788
786
784
783
779
778
775
773
771
769
766
765
765
763
763
762
760
758
757
754
752
750
747
745
742
740
739
737
736
734
733
733
731
729
728
726
725
721
720
717
715
713
711
709
708
707
706
705
704
703
701
699
697
696
692
691
688
685
683
681
679
678
677
676
675
673
672
671
670
667
665
662
659
657
655
653
651
650
649
648
647
647
645
643
641
639
638
636
633
630
628
626
624
622
621
620
619
618
617
617
615
614
612
609
607
604
601
600
597
596
594
593
593
592
592
591
589
588
586
584
582
580
578
575
573
571
569
568
567
565
565
565
564
563
562
560
558
555
553
551
548
547
545
543
543
543
543
542
542
540
538
538
535
534
532
529
527
525
523
522
520
520
519
518
518
518
518
517
515
514
512
509
507
505
502
501
501
500
500
500
501
500
499
497
496
494
493
491
489
488
485
483
482
481
480
480
480
480
480
480
479
478
476
475
472
470
467
465
464
462
462
464
464
464
464
462
462
462
460
458
456
455
452
451
449
447
447
446
445
446
446
447
447
446
444
444
443
440
438
435
433
432
431
431
431
431
433
432
432
431
431
430
428
427
425
423
422
420
418
418
417
416
417
418
418
418
418
417
417
415
413
412
410
407
406
404
404
404
405
406
406
406
406
405
404
403
402
400
397
396
393
393
391
390
390
390
391
392
392
393
391
390
389
387
386
383
381
378
377
377
377
377
378
379
379
378
378
377
375
373
373
370
368
366
364
362
361
361
361
363
364
364
364
362
361
360
358
356
354
352
350
348
346
346
346
348
348
349
348
348
348
346
344
343
340
339
335
335
332
331
331
331
332
333
333
333
332
331
330
329
327
325
323
321
319
318
316
317
318
319
320
320
319
319
319
317
315
314
312
310
307
306
305
306
306
307
308
309
309
309
309
307
306
305
303
302
301
299
298
296
297
298
301
302
302
303
303
302
302
301
300
298
297
295
294
294
294
296
298
299
301
302
302
302
302
302
301
301
300
299
298
298
297
298
300
302
306
307
309
309
309
309
309
309
309
308
307
307
307
308
310
313
315
319
320
321
322
323
323
323
323
324
324
325
325
325
327
330
332
336
339
341
344
345
346
348
348
348
348
348
348
349
352
354
358
362
365
368
370
373
374
376
377
378
380
379
381
382
383
386
389
393
397
402
405
407
410
412
413
415
416
417
418
419
421
423
427
431
435
439
443
447
450
451
454
457
458
460
462
464
465
467
469
473
478
483
489
493
496
499
501
505
507
509
510
512
514
515
518
522
526
531
536
541
544
547
551
554
556
559
561
563
567
568
570
573
577
582
588
593
597
602
605
609
612
615
617
618
621
622
626
628
632
637
642
647
652
657
660
665
667
671
673
675
679
681
684
686
689
693
698
704
709
715
719
723
726
729
733
736
737
740
742
745
748
752
756
762
768
773
777
783
786
789
792
795
799
801
804
807
809
812
816
821
826
833
838
842
846
850
854
857
860
863
865
868
870
873
877
881
887
892
897
903
907
912
915
918
921
924
928
929
932
934
937
941
945
951
957
962
968
972
976
979
982
986
988
990
993
995
999
1002
1007
1013
1019
1026
1031
1036
1040
1044
1047
1050
1053
1057
1060
1063
1068
1075
1082
1089
1094
1098
1103
1106
1110
1113
1115
1119
1121
1125
1131
1137
1143
1149
1155
1160
1163
1166
1170
1173
1177
1179
1181
1185
1191
1197
1205
1211
1216
1220
1224
1227
1231
1234
1237
1239
1242
1245
1250
1256
1263
1269
1274
1278
1282
1286
1289
1292
1295
1297
1300
1305
1310
1316
1322
1328
1333
1337
1340
1343
1347
1349
1351
1355
1357
1361
1366
1372
1379
1385
1389
1393
1397
1400
1403
1405
1409
1410
1413
1417
1423
1430
1436
1442
1445
1448
1451
1455
1458
1460
1463
1465
1467
1471
1477
1483
1489
1494
1499
1502
1506
1509
1511
1513
1516
1518
1521
1525
1530
1536
1542
1546
1550
1553
1556
1559
1562
1563
1565
1567
1571
1574
1579
1584
1590
1595
1598
1601
1604
1607
1608
1610
1612
1613
1616
1619
1624
1630
1635
1640
1642
1645
1647
1650
1651
1652
1653
1655
1657
1661
1664
1669
1674
1678
1680
1683
1684
1686
1687
1688
1688
1690
1690
1693
1698
1703
1707
1709
1712
1713
1714
1716
1716
1716
1716
1716
1717
1720
1724
1728
1730
1733
1735
1736
1737
1737
1737
1737
1736
1737
1737
1738
1741
1745
1748
1749
1750
1751
1751
1751
1750
1749
1748
1748
1748
1749
1752
1753
1756
1757
1758
1757
1757
1756
1756
1754
1753
1753
1753
1753
1755
1758
1759
1761
1760
1759
1759
1757
1757
1754
1753
1752
1752
1753
1753
1756
1757
1757
1757
1756
1755
1753
1752
1750
1748
1746
1745
1746
1747
1749
1750
1750
1749
1748
1746
1745
1742
1739
1737
1733
1733
1734
1735
1737
1737
1736
1735
1732
1731
1728
1725
1724
1720
1717
1716
1715
1716
1717
1717
1716
1714
1712
1710
1707
1703
1699
1696
1693
1693
1692
1693
1693
1691
1691
1688
1686
1683
1680
1677
1674
1670
1666
1664
1663
1664
1664
1664
1662
1660
1658
1654
1651
1647
1643
1639
1637
1635
1635
1635
1635
1633
1631
1629
1626
1623
1619
1616
1614
1610
1606
1604
1604
1604
1604
1603
1601
1600
1596
1593
1590
1586
1582
1579
1575
1575
1575
1576
1575
1574
1572
1571
1567
1565
1562
1558
1556
1552
1550
1547
1547
1548
1549
1549
1547
1546
1544
1542
1538
1534
1530
1527
1525
1526
1526
1527
1527
1526
1525
1523
1521
1520
1517
1514
1512
1509
1506
1506
1507
1508
1509
1509
1509
1507
1506
1504
1500
1498
1496
1493
1492
1493
1495
1496
1496
1496
1496
1495
1493
1492
1491
1488
1488
1486
1485
1484
1487
1488
1491
1492
1492
1492
1491
1490
1488
1487
1485
1484
1485
1487
1489
1492
1493
1495
1496
1495
1495
1495
1495
1493
1493
1492
1492
1495
1498
1502
1504
1507
1508
1509
1509
1509
1509
1509
1509
1509
1511
1514
1519
1523
1526
1529
1530
1532
1533
1534
1534
1535
1536
1537
1539
1543
1548
1553
1557
1560
1562
1564
1567
1568
1570
1571
1572
1575
1578
1582
1587
1593
1598
1602
1605
1608
1610
1612
1614
1616
1618
1620
1625
1631
1637
1643
1648
1651
1655
1659
1662
1666
1668
1670
1674
1678
1681
1687
1693
1699
1705
1711
1714
1719
1722
1724
1728
1731
1733
1737
1743
1750
1756
1762
1768
1772
1777
1782
1785
1789
1792
1796
1799
1804
1809
1815
1821
1828
1836
1840
1845
1849
1853
1856
1859
1863
1867
1872
1878
1885
1893
1899
1905
1910
1914
1919
1923
1928
1931
1936
1940
1946
1951
1956
1963
1970
1977
1983
1989
1994
1998
2002
2006
2010
2015
2020
2027
2033
2041
2047
2053
2059
2062
2068
2072
2077
2081
2085
2089
2094
2101
2106
2114
2120
2126
2132
2138
2143
2147
2150
2153
2157
2162
2167
2173
2180
2187
2193
2199
2204
2209
2213
2218
2222
2226
2230
2234
2240
2245
2251
2257
2263
2269
2275
2280
2284
2287
2291
2294
2298
2303
2308
2313
2321
2326
2332
2338
2342
2346
2350
2354
2358
2362
2365
2370
2374
2378
2384
2389
2396
2400
2405
2410
2413
2416
2419
2422
2426
2429
2434
2440
2445
2451
2456
2460
2463
2467
2471
2475
2477
2479
2481
2486
2489
2493
2498
2503
2508
2512
2516
2519
2521
2523
2526
2528
2530
2533
2537
2541
2546
2551
2554
2557
2560
2562
2564
2566
2568
2571
2572
2574
2578
2579
2584
2586
2591
2593
2595
2598
2599
2600
2601
2603
2604
2607
2608
2611
2615
2618
2621
2623
2624
2626
2627
2628
2629
2629
2631
2632
2634
2636
2638
2640
2643
2645
2647
2648
2648
2648
2648
2648
2649
2650
2652
2655
2657
2659
2661
2661
2662
2663
2663
2663
2664
2662
2664
2664
2665
2667
2669
2669
2671
2673
2673
2673
2673
2673
2673
2672
2673
2673
2674
2676
2678
2679
2681
2681
2681
2681
2681
2681
2680
2681
2680
2681
2682
2682
2684
2686
2687
2687
2687
2688
2687
2687
2687
2687
2687
2687
2689
2691
2694
2694
2695
2696
2697
2698
2698
2698
2697
2697
2698
2698
2700
2702
2703
2705
2707
2708
2708
2708
2708
2709
2710
2710
2711
2711
2713
2716
2718
2719
2721
2721
2723
2724
2724
2725
2725
2725
2726
2727
2729
2731
2734
2736
2738
2739
2740
2740
2740
2740
2740
2740
2742
2743
2744
2746
2748
2750
2751
2751
2752
2752
2751
2750
2750
2748
2747
2747
2747
2747
2747
2747
2747
2746
2744
2742
2739
2736
2732
2729
2726
2724
2722
2720
2719
2716
2712
2708
2704
2699
2695
2689
2684
2679
2674
2669
2665
2660
2656
2651
2646
2641
2635
2628
2620
2613
2605
2599
2592
2586
2582
2577
2572
2566
2559
2552
2545
2538
2530
2522
2514
2507
2499
2492
2486
2481
2475
2468
2462
2456
2449
2441
2432
2423
2416
2408
2402
2396
2390
2385
2379
2373
2367
2360
2354
2346
2339
2332
2325
2317
2312
2305
2300
2296
2290
2286
2280
2275
2268
2263
2255
2249
2243
2238
2233
2228
2225
2222
2217
2213
2209
2203
2199
2194
2189
2183
2179
2174
2170
2167
2165
2162
2159
2157
2154
2151
2147
2144
2139
2136
2133
2130
2128
2126
2126
2124
2123
2122
2120
2118
2117
2114
2113
2110
2108
2106
2106
2106
2106
2107
2107
2107
2106
2106
2106
2106
2104
2104
2104
2104
2105
2106
2107
2110
2112
2114
2114
2115
2117
2118
2118
2119
2120
2122
2125
2127
2130
2134
2137
2140
2143
2146
2147
2150
2152
2155
2157
2159
2163
2166
2172
2177
2181
2184
2188
2193
2196
2200
2203
2205
2210
2213
2219
2224
2230
2235
2241
2246
2251
2255
2260
2265
2268
2272
2276
2281
2287
2294
2300
2307
2313
2319
2325
2330
2335
2340
2346
2350
2355
2361
2367
2373
2380
2387
2394
2400
2406
2412
2417
2423
2428
2433
2439
2445
2452
2459
2467
2475
2480
2486
2492
2498
2504
2510
2514
2520
2524
2531
2537
2544
2550
2557
2564
2570
2576
2580
2585
2590
2595
2600
2606
2611
2616
2623
2631
2636
2642
2648
2653
2659
2663
2668
2673
2678
2682
2686
2694
2699
2705
2711
2718
2723
2727
2734
2738
2743
2747
2752
2756
2762
2767
2774
2780
2785
2790
2795
2801
2805
2810
2814
2819
2823
2828
2834
2839
2844
2850
2855
2860
2865
2870
2875
2879
2884
2888
2892
2897
2901
2906
2912
2916
2921
2925
2929
2933
2937
2941
2946
2950
2954
2958
2962
2965
2970
2973
2977
2981
2985
2989
2992
2996
3000
3003
3006
3009
3013
3017
3020
3024
3027
3030
3034
3036
3040
3043
3047
3049
3052
3055
3058
3061
3064
3067
3070
3074
3076
3079
3081
3084
3087
3089
3092
3093
3096
3099
3101
3105
3106
3109
3111
3113
3116
3119
3121
3122
3125
3128
3130
3132
3135
3137
3139
3140
3143
3145
3146
3149
3151
3153
3154
3157
3159
3161
3163
3164
3166
3168
3170
3171
3173
3175
3177
3179
3180
3182
3183
3185
3187
3188
3190
3192
3193
3195
3196
3197
3199
3200
3202
3203
3204
3206
3208
3208
3211
3212
3213
3214
3216
3217
3219
3219
3221
3222
3223
3225
3225
3227
3229
3229
3230
3231
3231
3232
3232
3231
3231
3232
3233
3235
3237
3237
3238
3238
3238
3238
3237
3237
3237
3235
3234
3233
3233
3234
3234
3235
3235
3234
3233
3230
3229
3227
3225
3224
3222
3221
3219
3219
3218
3217
3216
3214
3212
3209
3208
3204
3201
3199
3195
3193
3192
3190
3188
3187
3185
3183
3179
3176
3172
3168
3165
3162
3158
3155
3153
3151
3150
3146
3144
3140
3137
3133
3129
3125
3120
3117
3113
3109
3106
3104
3101
3098
3095
3092
3088
3082
3078
3074
3069
3064
3061
3056
3054
3051
3048
3045
3040
3036
3032
3028
3023
3018
3013
3009
3004
3001
2997
2993
2990
2987
2984
2979
2975
2970
2965
2960
2955
2950
2946
2942
2939
2935
2932
2928
2924
2919
2914
2910
2905
2900
2895
2889
2885
2882
2878
2875
2872
2868
2864
2859
2854
2848
2844
2839
2834
2828
2824
2820
2817
2814
2810
2806
2802
2797
2793
2788
2782
2777
2773
2768
2763
2760
2756
2752
2748
2744
2740
2736
2732
2726
2720
2716
2711
2707
2702
2698
2694
2692
2688
2684
2679
2676
2671
2666
2661
2657
2651
2647
2642
2639
2635
2632
2628
2624
2621
2616
2611
2607
2602
2597
2591
2587
2583
2579
2577
2574
2571
2567
2563
2559
2554
2549
2545
2540
2535
2530
2526
2523
2520
2517
2513
2510
2507
2502
2498
2492
2487
2483
2479
2475
2470
2467
2465
2462
2459
2455
2451
2447
2443
2439
2434
2429
2425
2420
2416
2413
2411
2408
2404
2401
2397
2392
2389
2384
2379
2375
2371
2367
2363
2360
2358
2355
2352
2348
2345
2340
2336
2332
2328
2323
2318
2314
2311
2309
2306
2302
2299
2296
2292
2288
2284
2280
2276
2271
2267
2263
2260
2257
2255
2253
2249
2246
2242
2238
2234
2230
2226
2222
2217
2213
2210
2208
2205
2202
2199
2196
2193
2188
2184
2180
2176
2172
2168
2165
2161
2159
2157
2155
2152
2149
2144
2142
2138
2133
2130
2125
2121
2118
2115
2112
2110
2107
2105
2101
2098
2094
2091
2087
2083
2079
2075
2072
2069
2068
2065
2064
2060
2057
2054
2051
2047
2044
2040
2036
2031
2030
2027
2024
2023
2020
2017
2014
2012
2008
2004
2001
1996
1993
1989
1985
1982
1980
1978
1977
1973
1970
1968
1965
1961
1958
1954
1951
1948
1944
1944
1940
1940
1937
1934
1931
1929
1926
1922
1919
1915
1912
1909
1906
1902
1902
1900
1898
1896
1893
1890
1887
1885
1882
1877
1873
1870
1869
1867
1865
1863
1861
1859
1857
1855
1851
1848
1844
1841
1838
1836
1833
1832
1831
1828
1828
1824
1822
1819
1817
1814
1811
1807
1804
1802
1800
1798
1796
1795
1794
1791
1790
1786
1783
1780
1777
1774
1772
1769
1767
1766
1764
1763
1761
1760
1757
1754
1753
1750
1747
1744
1741
1739
1737
1737
1735
1733
1732
1729
1728
1725
1722
1720
1716
1714
1712
1709
1707
1706
1705
1704
1703
1701
1698
1696
1695
1691
1688
1686
1683
1681
1680
1679
1678
1677
1675
1674
1671
1669
1666
1664
1662
1659
1658
1655
1654
1653
1653
1651
1650
1648
1646
1645
1642
1640
1637
1635
1633
1631
1630
1629
1629
1629
1627
1625
1624
1622
1619
1617
1615
1613
1611
1609
1609
1608
1608
1608
1606
1604
1604
1601
1600
1598
1596
1594
1592
1591
1591
1591
1590
1590
1590
1588
1587
1585
1583
1582
1580
1579
1577
1576
1575
1576
1576
1576
1575
1575
1574
1572
1571
1570
1569
1567
1566
1566
1566
1566
1566
1566
1566
1565
1565
1563
1562
1561
1559
1558
1558
1558
1558
1558
1559
1559
1559
1558
1558
1558
1557
1556
1554
1553
1553
1553
1553
1554
1554
1555
1554
1554
1554
1553
1552
1551
1550
1550
1550
1549
1550
1551
1551
1552
1552
1551
1551
1550
1550
1548
1548
1546
1546
1546
1547
1547
1548
1550
1550
1550
1549
1547
1547
1546
1546
1545
1545
1545
1546
1546
1546
1547
1546
1546
1546
1546
1546
1546
1543
1543
1543
1543
1543
1544
1545
1546
1545
1545
1545
1543
1543
1542
1541
1541
1540
1541
1541
1542
1544
1543
1544
1543
1542
1542
1542
1540
1540
1539
1539
1540
1541
1541
1542
1542
1543
1543
1542
1542
1540
1540
1538
1540
1538
1539
1540
1542
1542
1543
1542
1542
1543
1542
1542
1541
1541
1540
1540
1541
1542
1543
1544
1545
1545
1545
1545
1543
1543
1543
1543
1542
1542
1543
1545
1546
1547
1548
1548
1548
1548
1548
1548
1546
1546
1546
1547
1548
1550
1551
1552
1553
1554
1554
1554
1554
1553
1553
1553
1553
1553
1554
1556
1558
1559
1559
1559
1560
1561
1561
1560
1560
1560
1560
1561
1562
1563
1565
1566
1567
1567
1567
1567
1567
1567
1567
1567
1567
1567
1569
1571
1572
1574
1574
1575
1575
1575
1575
1575
1575
1574
1575
1575
1577
1578
1579
1580
1581
1582
1582
1582
1581
1580
1580
1581
1580
1581
1582
1584
1586
1585
1587
1587
1587
1587
1587
1586
1585
1586
1585
1587
1587
1588
1589
1590
1591
1591
1591
1591
1590
1589
1588
1588
1588
1588
1589
1591
1591
1591
1591
1591
1591
1591
1591
1590
1588
1588
1587
1588
1589
1590
1590
1591
1591
1590
1589
1588
1587
1586
1585
1584
1583
1583
1583
1585
1585
1585
1584
1583
1583
1582
1581
1579
1578
1577
1575
1576
1575
1575
1575
1575
1575
1574
1572
1571
1569
1567
1566
1565
1563
1563
1563
1564
1563
1563
1561
1560
1559
1558
1556
1554
1552
1550
1549
1549
1548
1548
1547
1547
1546
1546
1543
1542
1540
1538
1536
1534
1533
1532
1533
1533
1532
1531
1529
1528
1526
1525
1522
1521
1518
1517
1516
1515
1515
1514
1514
1513
1512
1511
1509
1507
1504
1503
1501
1500
1498
1498
1497
1498
1497
1496
1495
1493
1492
1490
1488
1487
1484
1482
1482
1482
1482
1481
1481
1480
1480
1478
1476
1474
1473
1471
1469
1468
1467
1467
1467
1467
1467
1466
1465
1464
1463
1462
1460
1459
1457
1456
1456
1456
1456
1456
1456
1456
1455
1454
1453
1451
1450
1448
1447
1446
1446
1446
1447
1448
1447
1446
1446
1446
1445
1443
1443
1442
1440
1440
1441
1441
1441
1442
1442
1442
1442
1440
1439
1438
1437
1436
1435
1435
1434
1436
1437
1437
1438
1437
1437
1437
1435
1435
1434
1433
1432
1431
1432
1432
1434
1434
1434
1434
1434
1433
1432
1431
1430
1430
1429
1428
1429
1430
1430
1431
1431
1430
1430
1430
1430
1429
1429
1427
1426
1426
1427
1427
1428
1429
1429
1429
1429
1428
1427
1426
1426
1425
1424
1424
1424
1425
1426
1426
1426
1426
1426
1426
1425
1424
1423
1422
1421
1421
1421
1422
1422
1423
1424
1424
1423
1421
1421
1420
1419
1418
1417
1417
1417
1418
1420
1420
1420
1419
1420
1419
1418
1417
1416
1414
1413
1413
1414
1415
1415
1416
1416
1416
1415
1414
1413
1412
1411
1410
1409
1409
1409
1410
1411
1412
1411
1411
1410
1409
1409
1408
1406
1405
1405
1405
1405
1405
1406
1406
1406
1406
1405
1404
1403
1402
1401
1401
1400
1399
1400
1401
1401
1402
1402
1401
1401
1401
1400
1398
1397
1397
1397
1396
1397
1397
1397
1398
1399
1398
1397
1397
1396
1395
1394
1393
1393
1392
1393
1395
1397
1397
1397
1396
1395
1395
1395
1393
1392
1392
1392
1392
1392
1393
1395
1395
1395
1395
1395
1394
1393
1392
1392
1392
1390
1390
1392
1394
1396
1396
1396
1395
1396
1394
1395
1393
1393
1392
1393
1393
1394
1396
1397
1397
1397
1397
1397
1397
1396
1396
1396
1395
1395
1396
1397
1398
1399
1401
1400
1400
1400
1400
1400
1399
1398
1397
1398
1399
1401
1401
1403
1403
1404
1404
1404
1403
1402
1402
1402
1401
1402
1403
1403
1405
1407
1406
1407
1407
1408
1407
1406
1405
1405
1405
1405
1407
1408
1409
1409
1409
1411
1410
1410
1409
1409
1409
1408
1408
1408
1408
1410
1412
1412
1412
1413
1412
1412
1412
1411
1409
1409
1409
1409
1409
1411
1411
1412
1413
1413
1412
1411
1411
1410
1409
1409
1408
1408
1409
1409
1410
1411
1410
1410
1410
1409
1409
1408
1406
1405
1405
1405
1405
1406
1406
1407
1407
1407
1406
1405
1404
1402
1401
1401
1400
1400
1400
1401
1401
1401
1401
1401
1401
1400
1398
1397
1396
1395
1394
1394
1394
1395
1395
1395
1396
1395
1393
1392
1392
1390
1388
1388
1387
1387
1387
1388
1388
1388
1388
1387
1387
1386
1384
1383
1382
1380
1380
1380
1380
1381
1381
1382
1382
1381
1380
1380
1377
1376
1376
1374
1374
1373
1374
1374
1376
1375
1375
1374
1373
1372
1371
1370
1368
1368
1367
1367
1368
1368
1368
1368
1368
1368
1366
1365
1364
1363
1362
1360
1360
1359
1360
1361
1362
1361
1360
1360
1359
1358
1357
1356
1355
1353
1353
1353
1353
1354
1353
1353
1353
1353
1352
1350
1349
1348
1347
1347
1346
1345
1346
1347
1347
1347
1346
1346
1345
1343
1342
1341
1340
1339
1339
1339
1340
1340
1340
1339
1340
1340
1339
1337
1335
1334
1334
1333
1332
1332
1334
1334
1334
1334
1334
1334
1332
1331
1330
1329
1327
1327
1326
1327
1328
1329
1329
1329
1329
1328
1327
1326
1325
1324
1324
1322
1322
1323
1324
1325
1326
1325
1325
1324
1324
1323
1322
1321
1320
1320
1320
1321
1321
1322
1322
1322
1322
1322
1322
1321
1319
1319
1318
1318
1318
1319
1320
1321
1322
1322
1322
1322
1322
1321
1321
1319
1319
1319
1319
1321
1321
1322
1324
1324
1325
1324
1324
1323
1323
1322
1322
1322
1322
1323
1326
1327
1328
1329
1329
1329
1330
1330
1328
1328
1329
1329
1330
1331
1333
1334
1335
1337
1337
1338
1338
1337
1338
1338
1339
1339
1339
1340
1343
1345
1347
1347
1348
1349
1350
1350
1351
1351
1351
1352
1354
1356
1358
1360
1361
1363
1365
1366
1366
1367
1368
1369
1369
1371
1372
1375
1379
1380
1382
1384
1385
1387
1388
1389
1390
1392
1393
1395
1397
1400
1403
1405
1408
1411
1412
1414
1415
1417
1418
1419
1422
1424
1427
1430
1434
1437
1439
1442
1442
1445
1448
1449
1451
1452
1454
1457
1460
1463
1467
1471
1474
1476
1479
1480
1483
1485
1487
1489
1492
1495
1498
1501
1506
1510
1513
1516
1518
1521
1524
1525
1529
1530
1533
1537
1540
1545
1548
1552
1555
1558
1562
1564
1567
1569
1572
1575
1577
1580
1585
1589
1595
1598
1601
1604
1608
1612
1614
1617
1619
1622
1625
1629
1633
1637
1641
1646
1650
1654
1657
1659
1662
1665
1668
1670
1674
1677
1682
1687
1691
1695
1699
1703
1706
1709
1712
1714
1717
1720
1724
1728
1732
1737
1740
1745
1749
1753
1754
1757
1760
1762
1766
1769
1772
1775
1779
1784
1789
1792
1796
1799
1803
1805
1807
1810
1813
1815
1819
1822
1826
1830
1835
1839
1842
1844
1848
1849
1853
1855
1856
1859
1862
1865
1869
1873
1877
1881
1884
1886
1889
1891
1894
1894
1897
1900
1902
1906
1909
1912
1915
1920
1922
1925
1927
1928
1930
1933
1934
1936
1938
1940
1944
1948
1952
1954
1956
1959
1959
1962
1962
1965
1965
1967
1969
1972
1975
1977
1980
1983
1985
1988
1989
1991
1992
1994
1995
1996
1998
2000
2003
2006
2009
2010
2012
2014
2015
2016
2017
2018
2018
2019
2021
2023
2025
2028
2030
2031
2034
2035
2035
2036
2036
2037
2038
2038
2039
2042
2043
2047
2048
2049
2051
2051
2052
2053
2053
2054
2054
2054
2056
2057
2059
2060
2062
2064
2065
2065
2065
2066
2066
2066
2065
2067
2068
2069
2071
2073
2075
2076
2077
2077
2077
2077
2077
2077
2077
2077
2078
2080
2081
2083
2085
2085
2086
2086
2086
2086
2085
2085
2085
2085
2086
2086
2089
2091
2093
2093
2093
2093
2093
2093
2092
2092
2091
2092
2093
2093
2094
2096
2096
2097
2097
2097
2097
2097
2096
2096
2096
2096
2096
2097
2099
2100
2101
2101
2101
2101
2101
2100
2099
2098
2097
2097
2097
2099
2099
2101
2101
2101
2101
2101
2099
2099
2098
2097
2096
2097
2096
2097
2098
2099
2099
2099
2098
2097
2097
2096
2095
2093
2093
2093
2093
2093
2094
2094
2094
2093
2093
2093
2091
2090
2088
2088
2086
2085
2085
2085
2086
2086
2086
2085
2085
2084
2083
2081
2080
2078
2077
2077
2077
2077
2077
2077
2077
2076
2075
2074
2072
2071
2068
2068
2066
2065
2065
2064
2065
2065
2064
2064
2063
2062
2062
2059
2057
2056
2055
2054
2053
2053
2052
2052
2052
2051
2051
2048
2046
2044
2043
2041
2039
2038
2038
2038
2038
2038
2037
2035
2034
2033
2031
2029
2027
2025
2023
2023
2022
2021
2021
2019
2019
2018
2017
2014
2012
2010
2009
2006
2004
2004
2002
2002
2002
2002
2000
1999
1997
1996
1994
1991
1988
1985
1984
1983
1981
1981
1981
1980
1980
1977
1976
1975
1972
1970
1969
1967
1965
1964
1963
1963
1964
1962
1960
1960
1959
1957
1956
1953
1951
1950
1948
1948
1947
1947
1946
1946
1945
1944
1942
1940
1938
1936
1935
1933
1931
1931
1931
1931
1931
1931
1929
1928
1927
1927
1923
1923
1920
1919
1918
1918
1918
1917
1917
1917
1917
1916
1915
1913
1911
1911
1909
1907
1906
1906
1906
1907
1907
1907
1906
1905
1904
1903
1902
1901
1899
1898
1898
1898
1898
1898
1899
1899
1898
1898
1897
1896
1894
1894
1894
1892
1892
1891
1892
1893
1894
1894
1893
1893
1893
1891
1890
1889
1888
1887
1887
1888
1888
1889
1890
1890
1890
1889
1888
1887
1886
1886
1885
1883
1883
1883
1885
1886
1886
1886
1886
1886
1885
1883
1883
1882
1880
1880
1879
1880
1881
1882
1882
1882
1882
1881
1880
1879
1878
1877
1875
1874
1874
1875
1875
1877
1877
1877
1876
1875
1875
1873
1873
1870
1870
1869
1869
1869
1869
1870
1870
1870
1869
1869
1868
1866
1865
1863
1862
1861
1861
1861
1861
1862
1862
1862
1861
1861
1859
1857
1856
1854
1853
1853
1852
1853
1853
1853
1853
1852
1851
1849
1848
1846
1844
1843
1841
1840
1838
1838
1839
1839
1838
1837
1836
1835
1832
1832
1828
1827
1824
1823
1822
1822
1822
1821
1820
1819
1817
1815
1814
1811
1809
1807
1804
1803
1801
1799
1799
1800
1799
1796
1795
1792
1790
1788
1785
1782
1780
1778
1776
1775
1774
1773
1772
1770
1769
1765
1762
1759
1757
1753
1751
1749
1748
1746
1745
1745
1742
1740
1737
1735
1732
1728
1726
1722
1719
1717
1715
1714
1712
1710
1708
1706
1703
1699
1696
1693
1689
1686
1683
1680
1678
1675
1674
1673
1669
1666
1663
1661
1657
1654
1650
1645
1642
1640
1637
1635
1632
1630
1627
1624
1620
1616
1612
1608
1604
1600
1596
1593
1590
1588
1585
1583
1579
1575
1571
1568
1563
1559
1555
1550
1546
1543
1541
1538
1535
1532
1529
1525
1521
1517
1512
1508
1503
1499
1494
1490
1487
1484
1482
1479
1475
1471
1467
1463
1459
1454
1450
1445
1442
1438
1434
1432
1429
1426
1421
1418
1414
1410
1405
1401
1397
1392
1388
1385
1382
1380
1377
1375
1371
1368
1363
1359
1355
1351
1347
1343
1339
1337
1335
1332
1330
1327
1325
1321
1318
1314
1310
1306
1303
1300
1297
1293
1292
1289
1289
1287
1283
1281
1277
1274
1271
1268
1264
1260
1257
1255
1253
1252
1249
1247
1244
1241
1238
1235
1231
1227
1222
1219
1215
1211
1209
1206
1204
1202
1197
1193
1189
1185
1180
1176
1170
1164
1160
1156
1152
1148
1145
1141
1137
1132
1127
1122
1116
1111
1105
1099
1095
1090
1086
1083
1079
1075
1070
1065
1061
1055
1049
1044
1038
1032
1029
1025
1021
1018
1015
1011
1007
1002
997
994
989
985
981
976
973
970
966
965
962
960
958
955
952
949
946
943
940
937
934
929
928
924
922
920
920
918
916
915
913
912
909
907
904
902
900
897
895
893
892
891
890
890
891
890
889
887
887
886
885
884
883
881
879
878
878
878
878
878
879
880
881
881
882
882
881
882
881
881
881
881
881
882
883
884
886
888
890
892
893
894
895
896
897
899
899
900
900
902
904
906
909
912
915
918
920
923
924
927
928
929
932
934
935
938
941
942
945
949
953
958
961
965
968
970
974
977
979
982
984
987
990
994
998
1001
1007
1012
1018
1023
1028
1031
1035
1039
1042
1047
1051
1055
1060
1066
1072
1079
1085
1090
1094
1100
1106
1110
1115
1119
1123
1128
1134
1140
1146
1153
1160
1166
1171
1177
1181
1186
1191
1196
1201
1206
1213
1219
1227
1233
1239
1245
1251
1256
1262
1268
1272
1276
1282
1288
1293
1301
1307
1314
1321
1327
1333
1339
1342
1347
1353
1358
1363
1369
1374
1380
1388
1395
1401
1407
1413
1418
1423
1428
1433
1437
1442
1446
1453
1459
1466
1472
1478
1483
1489
1494
1499
1503
1508
1512
1517
1522
1527
1533
1540
1546
1551
1556
1561
1566
1571
1575
1579
1583
1587
1592
1598
1604
1609
1615
1620
1625
1630
1635
1638
1642
1646
1650
1654
1658
1663
1669
1675
1680
1685
1690
1694
1698
1703
1706
1709
1713
1717
1720
1727
1731
1737
1741
1746
1750
1754
1757
1761
1765
1767
1771
1775
1778
1784
1789
1795
1799
1804
1807
1811
1815
1818
1821
1824
1828
1831
1836
1840
1844
1849
1854
1858
1862
1865
1869
1872
1875
1878
1881
1885
1888
1892
1898
1902
1907
1911
1915
1919
1922
1925
1927
1931
1933
1937
1940
1944
1949
1954
1958
1962
1965
1969
1971
1973
1977
1980
1982
1986
1989
1994
1998
2003
2007
2010
2014
2016
2019
2022
2023
2025
2027
2030
2033
2036
2040
2043
2047
2050
2052
2055
2056
2057
2059
2060
2061
2064
2065
2068
2072
2076
2078
2081
2082
2084
2086
2087
2089
2089
2091
2093
2096
2098
2101
2104
2107
2109
2111
2113
2114
2115
2117
2118
2120
2121
2124
2126
2130
2134
2136
2138
2140
2143
2144
2146
2147
2148
2150
2152
2154
2157
2161
2164
2167
2169
2172
2172
2175
2176
2178
2180
2181
2184
2186
2190
2194
2197
2201
2203
2205
2207
2210
2212
2213
2215
2217
2220
2223
2226
2230
2233
2237
2240
2242
2245
2247
2248
2251
2253
2255
2257
2260
2264
2268
2271
2274
2276
2280
2281
2284
2287
2288
2289
2292
2295
2299
2301
2305
2309
2312
2315
2318
2320
2321
2324
2325
2328
2330
2333
2335
2339
2343
2346
2350
2352
2355
2358
2359
2362
2363
2365
2367
2369
2372
2375
2379
2383
2385
2387
2391
2392
2394
2396
2397
2399
2401
2404
2407
2410
2414
2416
2418
2421
2424
2425
2428
2429
2429
2431
2433
2436
2438
2441
2444
2447
2449
2452
2454
2454
2455
2457
2458
2459
2460
2462
2465
2468
2471
2474
2475
2477
2479
2480
2483
2481
2483
2483
2485
2487
2489
2492
2494
2496
2499
2500
2501
2502
2504
2504
2504
2505
2507
2508
2511
2514
2516
2519
2520
2521
2523
2524
2525
2526
2526
2527
2528
2529
2533
2535
2537
2539
2541
2542
2543
2544
2545
2545
2545
2546
2548
2549
2552
2554
2557
2559
2560
2561
2562
2563
2563
2563
2564
2565
2565
2566
2569
2570
2572
2574
2575
2575
2575
2576
2575
2576
2576
2576
2577
2576
2578
2580
2581
2582
2582
2582
2582
2582
2582
2581
2580
2579
2579
2579
2581
2582
2582
2582
2582
2582
2581
2579
2578
2578
2577
2576
2574
2574
2575
2575
2575
2574
2574
2572
2570
2570
2568
2566
2564
2563
2561
2560
2560
2558
2558
2557
2556
2554
2552
2549
2547
2545
2542
2540
2537
2537
2536
2535
2533
2532
2529
2528
2524
2523
2519
2516
2513
2510
2508
2506
2504
2503
2501
2499
2496
2494
2490
2487
2483
2481
2477
2475
2471
2468
2467
2465
2463
2460
2457
2454
2450
2447
2442
2439
2435
2432
2429
2426
2424
2421
2419
2416
2412
2409
2405
2400
2396
2392
2389
2385
2382
2379
2377
2375
2371
2368
2365
2362
2357
2354
2349
2344
2339
2336
2333
2330
2326
2324
2321
2317
2313
2309
2305
2300
2296
2292
2288
2283
2280
2276
2274
2271
2268
2265
2260
2256
2252
2248
2242
2238
2233
2230
2226
2223
2220
2217
2213
2209
2205
2201
2196
2191
2186
2182
2176
2172
2169
2167
2164
2161
2157
2153
2149
2144
2141
2135
2130
2126
2122
2117
2114
2110
2107
2104
2101
2097
2093
2088
2083
2078
2073
2070
2065
2060
2057
2055
2052
2049
2046
2042
2037
2033
2029
2024
2019
2014
2010
2006
2002
2000
1997
1994
1989
1986
1981
1977
1972
1968
1963
1959
1956
1952
1948
1947
1944
1941
1938
1934
1930
1926
1922
1919
1914
1910
1906
1902
1899
1897
1894
1892
1889
1886
1882
1878
1873
1870
1866
1861
1858
1856
1853
1851
1849
1846
1843
1840
1836
1833
1830
1826
1821
1817
1814
1811
1808
1806
1804
1802
1799
1796
1794
1789
1785
1782
1778
1774
1770
1767
1766
1764
1762
1759
1757
1753
1751
1748
1745
1741
1737
1733
1730
1728
1726
1724
1721
1719
1717
1714
1711
1708
1703
1700
1696
1693
1690
1687
1685
1683
1682
1679
1677
1672
1670
1667
1664
1660
1656
1653
1650
1648
1645
1643
1641
1638
1636
1633
1629
1626
1621
1618
1615
1611
1608
1606
1603
1601
1599
1597
1593
1590
1586
1583
1579
1575
1571
1567
1563
1561
1558
1556
1554
1551
1547
1544
1540
1537
1532
1528
1524
1519
1516
1513
1510
1509
1506
1502
1498
1494
1491
1487
1482
1477
1473
1469
1464
1461
1459
1456
1453
1450
1446
1442
1438
1434
1429
1424
1419
1415
1411
1406
1404
1401
1398
1394
1390
1385
1382
1376
1372
1367
1362
1358
1353
1350
1347
1343
1339
1337
1333
1328
1324
1318
1314
1309
1303
1299
1294
1293
1288
1285
1282
1277
1273
1268
1264
1260
1255
1250
1244
1240
1236
1233
1230
1227
1223
1220
1217
1212
1207
1202
1198
1193
1189
1184
1180
1177
1174
1172
1169
1165
1161
1157
1153
1150
1144
1140
1135
1132
1129
1127
1124
1122
1119
1116
1113
1110
1106
1102
1098
1094
1090
1087
1084
1082
1081
1079
1077
1074
1072
1069
1066
1063
1060
1057
1053
1052
1049
1048
1047
1045
1044
1043
1041
1039
1036
1034
1032
1030
1028
1026
1025
1024
1025
1024
1024
1023
1022
1021
1019
1018
1016
1015
1014
1013
1013
1013
1013
1015
1015
1015
1015
1014
1013
1012
1011
1011
1011
1010
1011
1012
1013
1014
1016
1016
1017
1017
1017
1018
1017
1016
1017
1018
1019
1021
1023
1026
1027
1028
1029
1031
1030
1030
1031
1032
1032
1033
1035
1037
1040
1044
1045
1047
1048
1050
1051
1053
1053
1055
1057
1058
1060
1064
1066
1069
1072
1074
1077
1077
1080
1082
1083
1085
1087
1089
1092
1095
1099
1102
1106
1108
1111
1113
1115
1117
1119
1121
1123
1127
1130
1134
1137
1140
1144
1147
1149
1152
1154
1156
1159
1161
1164
1167
1170
1174
1179
1183
1187
1189
1193
1195
1198
1202
1203
1205
1208
1211
1214
1219
1222
1227
1231
1233
1235
1237
1239
1241
1243
1245
1247
1249
1252
1256
1260
1263
1264
1266
1268
1269
1271
1272
1272
1273
1275
1276
1279
1281
1284
1285
1287
1289
1290
1290
1290
1290
1292
1292
1292
1293
1295
1297
1300
1301
1302
1303
1303
1304
1305
1304
1305
1305
1305
1305
1307
1310
1311
1313
1314
1314
1315
1315
1315
1314
1315
1315
1316
1316
1318
1321
1322
1324
1325
1326
1326
1326
1327
1327
1327
1327
1329
1330
1332
1334
1335
1337
1339
1340
1340
1340
1341
1342
1342
1343
1343
1345
1347
1351
1352
1355
1356
1358
1359
1359
1361
1361
1362
1363
1364
1368
1370
1372
1375
1377
1380
1381
1383
1384
1385
1386
1387
1389
1392
1393
1397
1400
1403
1405
1407
1409
1412
1414
1415
1416
1417
1419
1421
1424
1427
1430
1434
1437
1438
1441
1442
1443
1445
1446
1447
1449
1451
1453
1456
1460
1463
1466
1467
1470
1472
1474
1475
1475
1477
1479
1480
1483
1486
1489
1492
1494
1496
1498
1499
1500
1501
1502
1503
1504
1506
1509
1512
1514
1517
1519
1521
1521
1523
1525
1525
1525
1526
1527
1529
1531
1533
1535
1538
1540
1540
1542
1543
1542
1543
1543
1544
1545
1546
1547
1550
1552
1554
1555
1556
1556
1558
1558
1558
1557
1558
1558
1558
1560
1562
1563
1565
1566
1566
1567
1567
1566
1566
1565
1566
1565
1566
1567
1569
1570
1571
1571
1571
1571
1571
1570
1569
1568
1567
1567
1567
1568
1570
1570
1571
1571
1570
1570
1568
1567
1566
1564
1564
1563
1562
1562
1563
1564
1564
1563
1562
1562
1561
1559
1558
1556
1554
1553
1553
1553
1553
1553
1554
1552
1551
1550
1547
1546
1545
1543
1542
1539
1539
1538
1540
1540
1539
1538
1536
1535
1533
1532
1529
1528
1526
1525
1525
1525
1525
1525
1525
1524
1522
1521
1519
1517
1516
1514
1513
1511
1511
1511
1513
1513
1512
1511
1510
1509
1508
1506
1505
1503
1502
1501
1501
1501
1503
1503
1503
1503
1501
1500
1500
1499
1497
1496
1496
1495
1495
1496
1497
1498
1498
1498
1498
1497
1496
1496
1495
1493
1493
1495
1495
1496
1497
1498
1499
1500
1500
1499
1499
1498
1498
1498
1498
1499
1500
1501
1504
1505
1506
1506
1508
1508
1508
1508
1509
1508
1509
1509
1512
1513
1515
1517
1519
1521
1521
1521
1522
1522
1522
1523
1524
1525
1527
1529
1533
1535
1536
1537
1538
1540
1540
1541
1542
1542
1543
1545
1547
1550
1552
1554
1557
1558
1559
1561
1561
1562
1562
1564
1565
1567
1569
1572
1575
1577
1579
1579
1582
1582
1583
1583
1583
1585
1585
1587
1590
1591
1593
1596
1597
1599
1600
1600
1600
1601
1601
1603
1603
1604
1606
1608
1611
1613
1614
1615
1616
1616
1617
1618
1618
1618
1620
1621
1624
