8830
8830
8830
8831
8831
8831
8831
8831
8831
8832
8833
8831
8832
8832
8832
8832
8831
8832
8832
8832
8832
8832
8832
8832
8832
8832
8832
8834
8834
8833
8834
8833
8833
8834
8833
8833
8833
8832
8833
8834
8833
8833
8833
8834
8835
8834
8833
8834
8834
8834
8834
8834
8834
8834
8834
8834
8834
8834
8833
8834
8834
8834
8834
8835
8835
8834
8834
8834
8834
8834
8834
8834
8834
8835
8834
8833
8834
8834
8834
8834
8834
8834
8834
8834
8835
8835
8834
8835
8834
8834
8834
8836
8955
11627
14908
16472
17158
17429
17481
16913
13082
9940
8403
7824
7754
7802
8181
8877
9003
8860
8652
8431
8362
4932
2076
885
387
211
2913
5800
7388
8148
8500
9664
13247
15780
16845
17312
17477
17482
16309
14251
12645
11497
10689
10140
9786
9518
9322
9225
9134
9078
9057
9018
8985
8915
8910
8920
8909
8896
8912
8906
8890
8892
8881
8864
8876
8893
8876
8870
8887
8884
8872
8873
8893
8880
8899
8896
8869
8842
8854
8880
9317
8096
7018
6821
7013
7271
7604
4309
1815
775
341
157
89
2611
5789
10447
14530
16316
17096
17404
17481
17266
15191
13237
11812
10872
10241
9831
9542
9328
9162
9086
9035
8969
8937
8915
8896
8880
8889
8883
8893
8878
8860
8866
8858
8871
8867
8847
8830
8841
8857
8885
8878
8884
8865
8876
8882
8863
8837
8845
8839
8865
8874
8854
8848
8825
8272
7753
7917
7902
7860
7940
8009
7823
3382
1430
615
273
128
152
3051
5843
7378
8661
12345
15389
16680
17245
17466
17481
17015
14896
13015
11659
10755
10170
9752
9501
9287
9139
9067
9011
8929
8908
8944
8919
8903
8911
8892
8909
8883
8866
8860
8840
8855
8882
8885
8853
8858
8856
8835
8848
8856
8851
8865
8833
8852
8867
8844
8854
8856
8854
8848
8841
8924
9031
8749
8450
8297
8150
8168
8314
12027
15304
16655
17221
17459
17480
10836
4496
1901
814
358
617
2686
4607
5972
6884
7488
7902
8176
8361
8516
8599
8652
8712
8739
8734
8765
8772
8770
8797
8822
8825
8811
8816
8832
8827
8800
8827
8836
8822
8834
8824
8844
8848
8824
8828
8821
8824
8822
8824
8848
8871
8862
9298
7638
6404
6178
6453
6923
3880
1614
682
297
137
69
1305
4536
6658
7754
8278
8527
8647
9213
12603
15498
16726
17263
17471
17482
17127
15001
13103
11730
10795
10168
9755
9490
9332
9213
9095
9033
8988
8936
8925
8913
8912
8860
8852
8889
8878
8861
8897
8888
8827
8851
8870
8859
8868
8871
8835
8842
8869
8868
8872
8574
9183
9002
8630
8431
8358
8458
13493
15906
16907
17327
17477
17481
17482
17483
11154
4627
1956
838
369
170
85
48
86
2346
4848
6421
7350
7901
8239
8449
8546
8614
8681
8735
8744
8756
8780
8795
8797
8812
8808
8797
8808
8819
8813
8811
8846
8831
8814
8819
8841
8817
8806
8841
8808
8822
8836
8853
8850
8847
8834
8251
6397
5917
6024
6405
6794
6944
3001
1253
532
234
109
171
3049
5783
8857
13278
15791
16848
17313
17477
17482
16434
14269
12547
11328
10508
9982
9620
9389
9254
9112
9038
9020
8965
8930
8907
8877
8885
8880
8852
8863
8879
8869
8838
8846
8866
8869
8871
8882
8857
8847
8846
8836
8830
8861
8869
8856
8877
8836
8817
8848
8847
8827
8838
8848
8862
8894
8874
8304
7773
7852
7730
7798
7888
7956
7823
3386
1431
855
7302
12917
15062
15054
14029
12743
11594
10695
10043
9588
9305
9164
9054
8982
8925
8894
8862
8860
8857
8841
8848
8848
8864
8844
8836
8854
8859
8848
8863
8851
8837
8814
8835
8857
8866
8854
8847
8833
8842
8842
8813
8826
8859
8852
8852
8865
8867
8868
8870
8853
8830
8833
8850
7891
7907
7813
7785
7904
7989
7871
3443
1450
621
275
129
84
2641
5550
7207
8022
8407
8588
8677
8724
9489
13023
15686
16806
17296
17476
17482
16925
14807
12975
11656
10729
10139
9739
9458
9278
9152
9071
9013
8984
8957
8923
8907
8899
8886
8892
8877
8881
8882
8860
8842
8864
8898
8866
8831
8846
8853
8858
8868
8870
8853
8826
8835
8868
8886
8866
8869
8857
8843
8832
8970
10944
9979
8962
8500
8444
9267
10712
9723
9025
8778
8619
8487
8396
8307
8226
8183
8217
8302
8396
8469
8521
8576
8652
8700
8727
8882
9007
9056
9051
9030
8988
8922
8866
8837
8841
8837
8824
8805
8802
8811
8802
8811
8812
8777
8786
8811
8795
8793
8826
8827
8816
8793
8792
8818
8844
8851
8860
8846
8850
8887
8240
8787
8796
8591
8426
8362
5027
2113
901
393
180
89
214
3242
5935
7408
8240
11379
14890
16469
17159
17431
17481
17449
15536
13507
12000
10963
10253
9817
9530
9321
9192
9104
9009
8955
8939
8924
8935
8915
8902
8886
8871
8859
8865
8867
8871
8885
8868
8872
8879
8831
8835
8865
8851
8832
8892
8872
8814
8807
8840
8865
8853
8877
8843
8829
8746
10171
10319
9889
9333
8958
11546
15112
16577
17189
17446
17480
17481
17483
17089
8098
3388
1439
622
277
131
68
41
31
2006
4642
6363
7331
7904
8236
8445
8540
8595
8652
8703
8747
8771
8781
8783
8792
8786
8773
8806
8810
8802
8849
8862
8812
8795
8817
8822
8837
8821
8813
8823
8829
8824
7798
6996
7087
7197
7296
7439
3693
1538
650
283
130
65
843
4076
6385
7608
8202
8483
8623
9781
13473
15874
16885
17329
17478
17482
16720
14593
12900
11830
11283
10935
10366
9637
9074
8798
8594
8421
8195
8048
8155
8488
8832
9062
9155
9176
9172
9097
9031
8982
8935
8910
8896
8869
8853
8875
8888
8860
8857
8870
8861
8867
8860
8820
8832
8863
8848
8846
8850
8853
8867
8846
8826
8853
8840
8815
8825
8849
8845
8853
8863
8871
9018
10148
9280
8625
8421
8354
13421
15875
16894
17322
17477
16657
7859
3287
1395
602
268
488
2621
4632
6041
6965
7564
7958
8216
8390
8542
8616
8643
8704
8735
8746
8801
8806
8792
8801
8811
8825
8819
8818
